n: 8
K: 30
r: [11 
    14 
    34 
    23 
     8 
    23 
    11 
     6 
    14 
     3 
    10 
    36 
     8 
    30 
    12 
    10 
     6 
    18 
    31 
    13 
    12 
     7 
     8 
    17 
    14 
    26 
    32 
     7 
     8 
    10]
Rk: [[(1 1) 1
     (1 2) 1
     (1 3) 1
     (1 4) 1]
    [(1 6) 1
     (1 7) 1]
    [(2 1) 1
     (2 2) 1
     (2 3) 1
     (2 4) 1
     (2 5) 1
     (2 6) 1
     (2 7) 1]
    [(3 3) 1
     (3 4) 1
     (3 5) 1]
    [(3 7) 1
     (3 8) 1]
    [(4 1) 1
     (4 2) 1
     (4 3) 1]
    [(4 6) 1
     (4 7) 1
     (4 8) 1]
    [(5 1) 1
     (5 2) 1
     (5 3) 1]
    [(5 6) 1
     (5 7) 1
     (5 8) 1]
    [(6 1) 1
     (6 2) 1]
    [(6 4) 1
     (6 5) 1
     (6 6) 1]
    [(7 2) 1
     (7 3) 1
     (7 4) 1
     (7 5) 1
     (7 6) 1
     (7 7) 1
     (7 8) 1]
    [(8 2) 1
     (8 3) 1]
    [(8 5) 1
     (8 6) 1
     (8 7) 1
     (8 8) 1]
    [(1 1) 1
     (2 1) 1]
    [(4 1) 1
     (5 1) 1
     (6 1) 1]
    [(1 2) 1
     (2 2) 1]
    [(4 2) 1
     (5 2) 1
     (6 2) 1
     (7 2) 1
     (8 2) 1]
    [(1 3) 1
     (2 3) 1
     (3 3) 1
     (4 3) 1
     (5 3) 1]
    [(7 3) 1
     (8 3) 1]
    [(1 4) 1
     (2 4) 1
     (3 4) 1]
    [(6 4) 1
     (7 4) 1]
    [(2 5) 1
     (3 5) 1]
    [(6 5) 1
     (7 5) 1
     (8 5) 1]
    [(1 6) 1
     (2 6) 1]
    [(4 6) 1
     (5 6) 1
     (6 6) 1
     (7 6) 1
     (8 6) 1]
    [(1 7) 1
     (2 7) 1
     (3 7) 1
     (4 7) 1
     (5 7) 1]
    [(7 7) 1
     (8 7) 1]
    [(3 8) 1
     (4 8) 1
     (5 8) 1]
    [(7 8) 1
     (8 8) 1]
]
